start=7860.603000
volume=110.000000
sid=3
