start=1101.667000
pause=yes
volume=80.000000
