start=9775.682000
pause=yes
volume=150.000000
aid=1
sid=14
