start=3285.083000
volume=55.000000
sid=3
