start=6443.687000
volume=140.000000
sid=32
