start=7362.333000
pause=yes
volume=125.000000
sid=28
