start=3314.353000
volume=140.000000
fullscreen=no
sid=2
sub-delay=-0.000000
