start=5874.833333
volume=102.000000
saturation=100
