start=3503.667000
volume=58.000000
fullscreen=no
sub-delay=-0.900000
