start=377.299281
volume=66.000000
sub-visibility=no
