start=7617.860000
pause=yes
volume=125.000000
fullscreen=no
sid=31
