start=904.375000
volume=150.000000
audio-delay=-0.200000
fullscreen=no
sid=27
