start=2906.700000
volume=98.000000
fullscreen=no
sid=1
sub-delay=-4.699998
