start=767.166400
volume=50.000000
aid=1
sid=no
