start=4990.240000
volume=110.000000
sid=3
sub-delay=0.100000
