start=2726.480000
pause=yes
volume=90.000000
fullscreen=no
sid=3
