start=795.083000
pause=yes
volume=130.000000
sid=3
