start=3471.292000
pause=yes
volume=60.000000
