start=2846.320000
fullscreen=no
sid=3
sub-delay=-76.099411
