start=4696.525000
volume=70.000000
