start=2713.320000
sub-delay=-87.999229
