start=1498.855307
pause=yes
volume=70.000000
