start=433.141000
volume=140.000000
fullscreen=no
aid=1
sid=1
