start=7135.708000
volume=110.000000
