start=7022.098000
pause=yes
volume=140.000000
fullscreen=no
sid=3
sub-pos=99
