start=8651.309000
volume=81.000000
