start=1326.699000
pause=yes
volume=50.000000
mute=yes
fullscreen=no
deinterlace=yes
panscan=0.100000
sid=2
sub-delay=0.200000
sub-pos=99
