start=2768.700000
volume=75.000000
gamma=6
deinterlace=yes
aid=1
