start=6970.625000
pause=yes
volume=80.000000
panscan=0.200000
