start=7278.875000
volume=125.000000
aid=2
sid=2
