start=5490.610125
volume=130.000000
