start=193.248000
volume=70.000000
audio-delay=-0.500000
brightness=1
saturation=-1
vid=1
sub-delay=-0.000000
sub-pos=98
