start=4325.917000
pause=yes
volume=50.000000
