start=7720.463000
volume=76.000000
fullscreen=no
