start=7800.465000
fullscreen=no
deinterlace=yes
sub-pos=99
ab-loop-a=4039.185000
