start=6818.011200
volume=61.000000
fullscreen=no
gamma=-1
panscan=0.100000
vid=1
sid=no
