start=2831.078000
volume=90.000000
fullscreen=no
sid=3
