start=8027.334000
volume=65.000000
fullscreen=no
