start=2302.091458
volume=110.000000
fullscreen=no
