start=8348.292000
pause=yes
volume=150.000000
aid=1
sid=3
