start=5363.978500
pause=yes
volume=153.000000
contrast=-2
deinterlace=yes
aid=1
sid=2
sub-pos=99
