start=8188.833000
volume=85.000000
